0.9952827602856331