0.5165759363625719